15427548
16835755
27456664
16711828
17213701
542144312
420388152
159727446
342948386
14395810
6165382
546273411
585798344
93454887
22975833
48109566
421552586
14680484
39534054
499430232
5861822
20270911
305686811
58326007
137812456
197985305
585002689
18104831
12544302
215638221
130246540
342073962
584801929
71316365
584793122
8285392
326784449
584739826
347881015
64180750
36834516
40676019
8025532
263576240
183111863
13721622
251714927
148930185
424021506
19312181
9575262
295058346
18441555
21210754
2465291
306364779
69727058
582981584
104060300
285776782
44423
28643236
284979183
180494464
17726800
374132727
68688923
105310826
22000723
14179655
385823122
395393813
20023240
578584825
160529803
192730379
33094107
270032066
301749241
60563145
17307227
26108692
14727939
96552267
148003356
422004122
18647356
14354772
32980452
45223246
14862354
473601846
56008996
361017397
25244091
563600330
582687414
43369932
16945754
194339978
15193517
273540138
16992176
45939311
364135477
188908614
581443821
515218742
582202950
78430020
237662488
23089569
18999687
289982816
21208444
38749859
95034661
140559081
34833264
34168142
243319148
54533926
160876193
15521097
14109523
14271831
365725571
408973130
252139584
34846584
51350233
62871374
561070665
581983842
113558302
578282149
581840522
34213522
558784869
16991053
581707415
545827772
174415714
85666389
63510186
15613327
14909968
28174059
233396541
581014596
387892891
385266289
16902490
279314679
34558828
25451047
21733528
5691222
248963453
17110487
80400006
7923222
5401962
522839293
581264278
12487022
470749106
116277336
29454395
19670202
20097375
466995497
339914745
9512412
262502571
569323913
269076096
188489537
14085751
10826772
274039683
579104027
580645450
101785262
308506531
580776566
375237637
14910364
18828245
258536640
58867515
218830638
120908478
248367820
85806040
645273
413534830
36231888
19734479
271021608
443284285
67308910
18414460
19547155
15521495
21210666
262285714
15300730
369531825
65270321
434540690
342953335
186109316
571327051
562257099
47331409
146155867
35567320
306840171
224596884
356632163
215361863
234501391
11375992
377856893
579428721
579212260
21774077
177244082
578727746
451549215
270646930
119276679
16971355
40002772
76677388
49360759
454539164
578563335
384166544
577657576
42260118
259916685
45574999
18884286
577666397
166800766
574454392
89519050
16869079
17403902
32830499
25787685
45588326
16913125
16279489
15963513
23255821
275707791
259160947
26321572
22516231
349685887
23889266
17946886
27677145
148520849
571043939
87585045
153882850
220541458
241062707
27874724
47824384
27026126
60121516
36889583
16992551
14576803
17162198
39382751
40701041
12886112
811473
553919112
455065806
114587321
428536550
17404876
347228868
526444435
66362251
205488414
18179839
16679833
576954819
396691401
19436476
383568514
14655697
6326262
27099717
64055676
576710603
370921446
38674493
14353188
366117746
243754144
25696814
399807458
17238447
172000915
9635862
183245013
255762873
199953329
179314126
59154385
34435625
48832327
34031209
539633809
50355989
61028551
505732870
284682342
329339071
29256143
21011363
42611688
492861737
16692096
21011414
96005370
136794679
160634112
29696085
21879024
574664821
74518728
8725482
26103304
17413434
423414160
576267469
21868323
65833664
21202102
60730686
214393048
74712145
23542462
38916694
9760442
259886983
254183350
271537503
572153478
471212140
442024399
531346237
574848528
331823799
18070850
14533116
226359869
48903
45071233
458025041
345025535
97546239
71892896
30114613
271937793
16052274
411563521
282875385
18645460
290321451
14914425
528044856
5844472
428348025
16531727
339914080
273743996
70439376
37066168
572674023
188354763
20701726
574847924
20677459
196436064
20654417
17170319
15244821
160970288
123620902
54012228
341477229
98875744
270899310
130594085
565173994
370859888
214929621
108715890
519185404
16462213
78171150
260422512
574628217
1413801
24950962
502146318
26755373
574419814
129273558
28496734
340611236
52295743
444196627
39011273
16371383
113474115
567514262
14423993
65105503
135773449
8217552
214348350
18763491
360420280
14923485
25204410
421868607
74223068
266684312
17331970
561430254
569728507
564237280
8975252
573573004
573759490
436935444
19617963
540160769
16872518
243384346
101310334
36160885
194952953
573632731
19089123
241830854
23042764
573151336
573221047
485816239
383953515
28568156
386941208
20610035
153137580
18567280
137478321
113460420
10343332
222509944
37060822
35016160
22409917
569657380
21328729
288012932
18070407
57760358
15160966
24816651
23108933
15337400
9815842
46251600
462252777
195850194
147717790
394062393
32684239
542158523
38260495
24363945
32156685
543801260
245480367
571851381
249990020
21144715
184136149
459968237
59338146
22834653
29402656
142565882
79890634
85287342
327388451
396880583
571257397
36954386
498833045
27330901
135264791
47140876
15861327
214166092
26702609
262291602
41948619
96270899
86919595
379482737
32608422
15081120
456872218
492733393
34397992
554348389
518996582
182215021
21089537
124056047
48058627
570531037
254177709
5772422
26555516
169234397
36553809
440259293
44892221
49892085
566923
14345157
7100722
298851418
16184492
47197563
86812428
84821421
89345269
152071249
464944189
364925016
173584680
45482310
6301812
19524029
188721412
40534012
35580566
21086734
556061598
22962878
8938742
63249589
35047209
22941732
115143394
353200729
147244178
141335033
291938256
31215856
33897832
169541106
65570219
567832458
11700182
410240069
30104494
323362728
539157872
546764378
561070072
14665424
18914820
362980301
328487816
68612696
90536532
308628690
567674486
195860980
119202619
88844932
492064542
107106064
14378113
35337617
48484855
15614459
546502248
19682414
46662852
424829795
217904763
28567249
290757641
104406261
390258527
26276396
327498421
23113951
19486651
9486202
39923986
565608516
430950521
38317902
3845121
16623286
23486662
14364622
41437226
22424468
15166316
254590158
21047920
45128767
381204317
300807581
60690047
277991784
568726821
482373547
19626357
20951433
11781512
312970623
12326922
118270632
23910853
26696497
1307371
17818812
354103
676363
19306805
255786833
15786115
45751804
15163658
34277916
54154170
171584007
336343
490487229
16249404
22554741
50536091
40468265
14779924
95474005
167469417
14079576
397410367
44731787
21176973
16184715
564546654
20819593
100576071
16648362
464099274
568072535
69109748
176203527
14904610
512675577
161173144
54649667
469844732
248902774
253655476
176376887
567584738
97769130
393014878
567515364
545459659
373037786
132978534
167930284
19192229
422718689
517082354
16713146
6125002
38717115
205532664
19683413
29293228
29006698
566093652
21834983
383944507
119383266
59673118
260766737
218335118
24785760
519143075
551033227
458567665
327404822
58096351
281051150
45038596
566160052
1364571
16199300
370030372
247386197
565975712
65419987
554116664
25536511
140896892
269939346
116873757
2198931
14894164
483372884
14814965
32530271
521589443
89023249
92397576
19015962
320081144
565148096
12580122
186589624
54630117
354297071
21126892
45742101
24479614
82894855
565093773
25350349
16458178
18719087
186605556
339217771
397982731
560602187
15545827
14899968
9021802
364476229
501944475
296874352
14715744
14594317
298142499
18177599
564800824
21582120
293537235
14300348
12083052
563815216
164648997
31356469
347742792
30481080
50950672
179513320
111087078
557495560
25911449
115065832
564422604
429485140
61513137
14769659
24633905
37609164
216139214
69901685
95977583
63798343
556702452
227004386
23617621
268379668
226722951
14764669
415334398
7219552
16103311
662763
222188747
18946913
509319255
18297840
226317954
18167585
29174853
563550578
280483962
7353912
541836839
226054676
49991949
18789354
561704711
2015311
65092450
18840540
15357939
245106116
492373257
32486489
36856000
14679667
243148863
101092659
484169851
17193243
16645918
553936700
148492246
30089119
489901000
336036607
14412325
19577551
14495148
272164735
350467844
498181003
545731305
258959866
16268246
512658693
15140501
20929091
15610949
304964980
459331247
57622085
54948900
51872890
536355464
239094538
21366945
90498269
42048779
15843585
25016610
37950421
339979129
23981872
33218008
14288934
15911364
331296486
549786770
124674114
106132864
8117322
562681021
226425210
13425012
41097213
513176400
19671134
314533912
141411470
245088709
381641327
325088231
395239075
39629825
26261567
6152482
51105548
46557209
34493382
501168925
36398400
16830786
44158246
398381908
153064142
51657067
30679218
554164960
432215683
38302930
51771132
14750796
64565110
34375237
87004724
438089537
55846327
668603
292677767
344693186
73999987
180974245
20060686
108178630
486263786
24815784
196862335
247481756
499496309
70797421
163580613
243410599
143851398
24254981
272152548
75813350
27594286
18677377
18417986
156317515
164157131
80907193
171393113
174384232
180050471
238559653
35604445
371420826
19717968
69220513
169242988
50196548
38478531
83417005
14110877
103144003
149942883
21935075
225989026
391729111
309798383
56889082
237714956
39676101
49876677
211411114
38969732
244422997
436330069
102899664
32907771
562353692
14708546
44658353
469796791
404872720
281049103
562235608
18467672
26639739
14536222
22077589
25998359
24081782
437920288
463613559
399200527
557617411
556160763
382074194
270020383
176472326
118584714
1156941
78660639
18063608
326336401
561420743
14574170
33919893
389939137
25661122
26354509
20611711
318587514
369275472
201280359
7336942
397918553
37828705
102998937
394784430
481418599
53918644
322284448
132925983
245488205
20529399
401042462
560713653
560668383
45085115
272192547
111498835
39771808
519729232
21417060
248374635
527835165
25602209
560206298
20964744
499911125
18398475
25604443
107117716
209444727
21637764
181181365
67039714
145563064
92026313
213549714
30580795
520565659
126595262
174252910
90463132
17338078
15858778
128205125
76199501
116669011
389788363
305753876
330116925
63848570
559209204
28294244
316829073
29301352
24951142
797011
22843538
20653637
35044457
295851007
30973995
372520977
17446924
16933716
26024039
358824028
555837002
29881875
474594713
141045730
22109877
400803681
14255729
18645767
200917257
94713941
26298162
558166513
218710941
186308064
508520892
518768419
554781124
35536960
557860466
369240750
373391302
101968167
263500670
44354217
32984605
18066643
272657945
216789920
378772978
33331794
541060017
36348325
14312817
556378894
220326816
216197056
14941975
62285907
168646617
100843731
407933800
318067559
542611255
17346103
291688114
15931608
141997011
175604785
433095938
250462221
163886580
10283352
53431734
197742026
40498192
14325528
22307550
163833614
21818090
17482228
23905261
26670356
556177231
418293307
17159919
148442881
384649156
240026846
92719681
312219975
132249748
19869247
17540662
122126903
84601876
121212069
44969264
261360024
428636988
201090524
547286299
15453611
274856025
270515096
158149153
466190023
16410066
23400381
14476937
90580501
556522790
532119760
556025818
261351809
555946149
14600878
329402098
17933112
274000680
431917013
375091539
68557804
150941496
57403953
542988146
264318334
49718002
6823762
49695732
16996812
88957017
555918101
32791193
555952545
289708682
555751742
555749035
41966874
69166964
536653121
229354519
18845341
123660068
283226484
191896569
26706064
8518892
185319084
23615329
21405623
218715054
27715150
5882172
554268733
22262553
554968780
78482062
470847186
454039652
219209897
39055217
52590380
18073229
204058265
310436290
9968212
21503863
89526440
423978568
363341680
750173
438970924
15356994
112341819
40576405
17052674
526579683
550871441
372563147
26523904
23802422
464848647
48411019
133826922
17420138
32419713
15977138
445099629
34717079
197436154
454418807
515097441
23872526
544627835
14590505
249429159
524616612
76689157
25171249
19918080
15613988
92663843
35744677
381275580
22330747
24647583
220272055
484437814
629983
474320817
15597338
400232461
257638057
389113522
551173342
10221
26406764
28699117
266947107
184216713
22054444
40145000
491651464
6533162
19567187
551102184
482668107
372594689
380427696
18296616
550758127
215025383
540740325
394850623
26855535
466356312
243140175
551963351
550374139
14082123
473491129
9666842
17674649
69350067
94493699
17288546
1073821
248725442
341684138
499958514
28798043
18814595
15664750
179296582
67073876
62231590
65727873
18478722
27520390
7007032
13967962
18005233
272609590
551974513
97096567
477368077
24523180
59251122
551535398
272162016
83166559
14396718
546219844
299365037
19045600
132655694
264374011
101643694
93322091
90567882
218406806
385466322
473507965
309357997
551236935
17494329
176585095
29225940
111088948
384611923
21625225
31696881
292089234
180757936
96685068
178804146
15382134
310401550
32140820
81075660
18307942
106461507
17086914
7860902
24077809
449951985
170534397
50860967
22966767
17354795
38008296
15723282
501240292
15982039
303503330
371385120
550440069
16194018
17354734
398404824
547780608
17888589
28356653
377157687
547426028
25631236
86684277
32347491
19582964
40476127
44102112
38079309
22673364
310506833
514074199
54523101
229573230
18423061
27495995
23231312
246737952
23508343
36090874
325216976
22046264
477116248
371874739
28876209
229627889
196903350
536303259
16092398
14382995
18172995
309244525
222605717
27272166
548710139
26893275
411010632
527407148
395446714
11304142
489450203
277755137
35507248
526064009
183823879
24220049
347538373
76587100
505377431
20786404
88659838
235800882
155094494
120549441
424045345
424045046
505398342
38040976
14232497
38464353
28440385
8703532
547404229
536453233
18788923
53156461
18516628
399837174
240514807
294576458
105086964
16036210
244204280
216778349
16162283
51001259
7588892
543870266
15408824
439159564
17846977
113406697
319153094
545975307
65405925
443248216
17776672
18878930
59072082
204877583
479135007
360256269
20789909
31464379
90960360
33431049
40314239
21411198
531090958
59397650
69541183
246676211
266974012
546027564
14190753
66820932
491209031
25414639
380395316
47545196
232307491
198573640
458764158
498410917
82942650
14951731
414469799
14428043
243021312
28191490
34671442
33546080
17682297
52853311
519117435
19042466
431988064
194115899
17050191
396152877
17969323
14416650
14703167
228805377
324166063
12796222
49729123
23485346
18396070
19012644
19257373
39630506
52320913
22378267
18656711
37257910
389976348
25936776
492553774
162186985
437826902
316671096
123251106
544310844
21277676
544953495
140201807
76109483
33834250
11562
316006458
370101871
229281839
40744699
515985035
14584873
24730207
544500716
19379690
18739861
53119150
46446796
459354687
508558661
210506053
524999029
543928124
78141877
15107614
220252111
189480174
201363137
435258235
15455824
20011649
31508086
23456668
492372581
393059177
543460654
521021122
543369799
30005509
495647544
30261062
23368738
154287030
118936984
519758092
94918320
208188719
1064271
224846590
7722082
14370896
15395978
71577165
15781487
28385571
19378957
23889657
175732223
34146244
24934522
266792143
62840919
15089910
20975616
322896096
409341724
394944169
18385505
507123398
332539758
14936771
16027813
30094458
20897419
122665484
14148326
277517671
668153
86093452
537635674
24744280
20547153
219798828
21155520
277827063
17133769
52479606
164456594
540807926
377217298
47114816
116675063
136138737
74059407
38219033
435522151
515723802
17927002
473264392
55016989
182107425
413360977
24180129
532240267
49148089
462519420
33044011
33293408
15853703
285902761
144083621
149224445
35170676
39156423
540204637
535978989
219830699
15067142
168718459
379364677
28378757
109125705
38434916
526492786
539713267
539770896
539293575
539473554
539661249
63315790
101394882
201003268
30280931
17329371
363089441
17119782
6684582
316619339
90662943
33338604
47111138
121290507
3916461
28412362
528729555
19455010
381337732
274207148
23397800
170945887
396207389
301074647
15488083
47121329
415046635
527726433
5680372
41361639
539137480
37769576
84147823
55005867
216447852
87279954
59013350
140979782
23293533
219174067
450467808
20167279
78691084
14290111
22445395
4109681
32188640
15557717
497369450
487252275
32482335
50417067
327419649
68099443
15249437
16221720
264990870
14609175
202695583
35981076
20099390
519149308
38894115
502003235
82418992
24206613
341911967
57803635
17522891
19922435
17449991
21556833
504165251
17644444
12332392
185072240
1018731
338001818
23872194
9532182
35169462
524293313
283233581
537481813
20481029
335487414
46522274
47390572
15020853
483480312
793024
102444625
80711488
33610195
536888065
14648152
53768142
536924145
217551141
520930312
536469086
491385159
536368711
17398484
15111824
37825128
508844045
16714509
528340331
181405736
197614798
24588513
42094321
169354994
304823046
14949088
17503663
526051917
535765371
18795568
16814950
11718
533557055
18719375
30471903
302448304
132032295
22340361
128321319
26421641
403693597
6484412
53143679
291981024
278808103
15868807
293058348
11858
411135322
22680411
294421319
32096848
316103
23346163
15906321
266408840
32873
19328906
84380607
15693692
17100830
31595152
114538142
16164420
16501182
325230260
472447959
60612875
49658594
50833750
193986607
92530333
532130107
20116995
66919712
190102525
26020332
21819538
152894295
23559506
30336863
89790093
20607927
376488442
468047324
14808541
17373046
169990174
15222038
533048965
143822546
16017290
268154139
294934948
8791492
46083285
22502281
383144873
21410971
220474657
24314714
222669947
49139015
191958631
112139836
532239325
425169870
31175477
275777431
14780203
188190372
295915352
80201343
14158830
34934395
6179372
459330632
117251028
80481760
222610429
18143563
18768932
61400469
350020953
24810988
39909776
15919342
164486199
17631249
268429071
45961256
31261497
28751255
37978825
23007128
353274132
524319122
14078437
90225103
27662560
309121632
16691963
22435728
96039093
16658943
342268499
14561683
27381434
109159309
223336394
25558456
234815862
454027871
123419428
80663073
66732620
365747648
14242020
16657047
9639352
33535039
6630862
269484462
17331549
304928685
251093115
132564250
14704766
232148063
203824292
25826979
21091550
529266388
181993597
21213695
241448733
24228166
486700282
517590946
472408744
9411532
19975676
529015336
57051458
144259944
60663783
101249366
106798065
42429313
17194934
104109355
187670748
208840199
231878921
492544958
234579031
234545072
16030957
20450980
504908788
179508784
94519701
309589129
298533395
468602591
258860021
23995632
220142966
159579163
462726428
21571756
23813595
14132774
419314745
506626230
19506264
505802397
210551180
48070702
46946360
325772181
368624272
277816285
1137881
33717932
65223721
459448095
212344487
283289600
67055551
417421386
156997390
320396271
36293689
423881225
285393798
43323589
412046244
505400097
22666443
455909440
16392427
8891042
390918401
15252002
484943700
59140533
14366662
512647964
29518331
15760255
16624747
215080396
286380083
17931543
10927062
476332998
462082384
370446257
10608
382691294
22014445
22153374
32792579
483412967
526157813
526146714
62092090
15056502
25234006
189547176
422993696
20286412
27098991
293296788
55723874
14939336
18619323
20246682
388498430
525725985
191060246
83912555
177688283
223479184
26913669
22886214
180837499
16805621
342294770
498033790
412682959
60634029
15401172
1196561
289621691
235313675
495091383
20636401
14775214
32892571
160363421
17417045
23905840
405047018
356978222
33674382
108699548
29618661
94050504
505616517
63018158
313276029
14384745
47940202
38788812
49675293
26003029
8393572
54891904
59197930
301629047
251866080
28357930
460440223
168790032
19590688
435856894
491464170
9973962
523146669
21271500
36169505
231304602
417541680
74428834
16101702
117444642
16044192
491002719
389727013
33782099
9483932
19927911
250218355
20782765
267947445
113738931
9546212
520412607
64143767
14418455
357225550
295495232
247468862
16933236
74529660
51969981
123402922
16433143
14336958
520985379
13602922
86987733
48485771
519610221
236973242
12238592
23699451
105858933
283320159
166291235
240866958
494134024
230780528
503435728
16015569
162185472
59202761
520759222
20732877
520735752
15770658
520646434
15279721
37001902
237879105
20851069
36610670
23367210
304250890
284182638
253845018
15919559
507461094
117113709
18003952
310359437
23001622
15638231
4915271
34429452
37653435
146141866
23611105
56947601
15099012
14775009
36125951
45888076
210926688
18737837
179725799
35619039
513719660
16036423
517821595
33624823
57594221
7913302
16535606
207644171
14654256
22277744
358181521
38700436
359166480
20495078
253389790
23716581
21121669
149054262
121658874
115719463
420633422
25464956
38245796
407503417
12590
383569999
23999841
16568739
348123516
22024590
35794443
29861579
50025351
435784998
14252080
343133679
19123268
15700534
245056650
204129442
255142099
38198466
37698522
239997820
39811068
31531751
83483712
24784064
176957284
23722546
285251662
506152581
250597273
25422962
518723053
15751924
502142657
493637769
518333468
22333216
518619187
509472322
16657915
485983445
21442315
518400855
16615173
21983800
21267151
20639592
21987790
105118246
430309795
16203586
87841736
120192119
50589602
114665196
20463877
16794701
19006728
55318437
94366022
439289959
18679122
20290936
147528788
25007827
157708589
494149942
21783905
17267408
365902972
463607065
292534126
515157809
29816425
44461249
103898784
260841637
93659884
32322083
237133730
15945900
77796163
34342857
488747019
501066862
10436932
338975192
60590183
480192350
76341959
687623
483461123
104626876
480749297
294449695
132266131
57195866
509689064
78449400
371045820
18025087
29237169
214968598
335076376
515887054
21692620
504075390
18006278
333625356
192930369
188249935
247846883
112908287
34617121
377554230
17337604
417977629
515362763
118739965
39806064
1061591
14744553
806323
15553228
51169704
387050408
59397325
143625287
77142898
183472110
122822952
19524480
477142812
160604871
48609019
119823262
15257422
486256968
514040582
95762203
14139527
312948467
21823649
315497595
120534498
33222598
40445593
16297707
222908592
279744154
26107654
257697771
50391356
158982022
52247314
49662594
17582161
59184421
513286686
270847957
47787309
393228699
14619660
41280177
297651422
39268374
16302095
116956608
331747713
15051695
14768438
269518344
16027871
424235335
512086269
37678250
22154628
87564584
93941722
73448176
500516336
511531313
19757070
511324897
18965392
423751234
19657648
23692238
158140620
58982465
34642849
23106944
7071122
303943522
20779243
317795692
509838946
32732627
435332950
29088867
439378255
25325552
16736914
16276508
255660557
509500628
21037137
270935220
189885546
236275403
23822363
8539922
170383105
130597843
14630222
344970193
8414772
16614126
21313187
509009919
30138068
331241907
35601056
482692327
16166515
11807192
19479200
195736736
333614190
20835538
381284287
442161906
19916828
110923179
263946945
23546709
79299612
8333572
17935602
342805291
18610267
196633388
18010488
19331572
507031452
14905651
498946675
500306398
322124796
506939353
506129483
374650247
140764787
506631378
182960865
209220383
494538543
40082658
23441606
422119861
258040217
14120556
257602478
205142549
18846156
18065786
39698051
271128996
368708088
37233580
217206560
13178132
33734835
306548648
9547822
349269433
14170520
12476332
16593833
14532589
14879685
20556391
115503774
65397518
48164428
70542057
391761167
14103624
269675232
193916433
15804589
14404901
45108207
1680681
173199610
2759991
2281521
14213776
297851732
46328253
504164935
29883664
20699623
481307715
504013798
503953389
265039217
175158314
221984941
15704253
98264832
503789463
6403332
19120080
223873703
18146434
14268002
41271357
234189431
244325956
216437704
19514928
328530884
14755226
138103113
24612186
414366444
44187846
51903214
462425919
502017329
21681252
20698949
25149885
52730069
493931889
111958017
232719242
501434683
24654663
17425181
146280839
226010807
21317434
36376606
150947659
21455276
104379617
21305036
9777612
499894624
163701611
25914341
132767988
14944578
2432
494477155
32931597
245281190
16560816
377009018
65182541
81881480
12964272
242804770
493557859
14724354
42428902
22647849
61012540
319850962
500449677
479725421
10181052
1645931
262759331
500369421
494919778
166470644
310675201
14514332
325563026
265086932
476872573
22005652
138141533
442424196
204156613
118421470
53940008
292922609
135329041
68742992
249628915
459260306
14662857
18587034
499571139
474360546
15691249
16162320
496641096
363454759
499428462
124483615
617053
14720592
50722668
432815463
227400760
768532
443429877
429260088
499045679
22427954
164679121
498950061
251051139
7266362
51039846
490961970
5045181
367594244
191829398
84003097
63141729
18786177
17953859
413775112
15786016
489100459
498494476
497496198
54328998
18000969
75473020
349049921
32869534
456809420
38034942
174697271
18783069
112668258
281820598
16549034
17210445
50105182
29858314
322496124
482276297
53757449
493415561
487594346
494984799
15164352
180667743
292461868
84455047
57994756
26944154
497321372
19112545
172360208
205075141
5666482
325176246
71697381
21831183
429191268
7953662
18786413
185071900
239893778
15292850
93657839
15705044
227368548
14246001
52540317
109187903
34718342
35920828
14749957
42235382
207149610
42939794
494308182
176643404
461159491
273985529
477762723
221479416
19888475
279443217
362856420
41227709
19023479
25372339
2565021
131724934
203046943
29550705
26775808
16111539
22895903
124464261
28480785
23537341
30890305
16282252
243432430
8885922
475378172
19781023
19514192
153489606
40264023
123010872
94344900
20635734
21327265
158044270
129431264
20955542
14193551
59828516
18133346
14812361
20563069
23219036
325482325
30045871
199885256
26204140
15091990
473039859
74272222
60857084
14871233
27569271
88810639
41684123
183787967
187286549
479454925
28214572
56802765
17265886
334487870
30852873
32886853
53653875
23281091
6425782
38927264
65002623
365701423
207709430
14695881
7722172
231323969
33382551
20946922
33371134
14750617
17060393
492867818
493690804
14385484
18152945
14641126
103670163
264956124
493422587
18782656
17315765
474348331
206316201
481830144
143985878
485913779
58842931
71108851
9408102
14688445
470892242
365051110
160788190
438345852
15040988
55711263
457532929
457520537
20928291
132277278
453182795
20964826
265394727
359158235
21007877
488211925
15831401
35641033
46207259
281850753
7277852
24395057
215784196
22946459
50692136
128807463
83131778
253545404
223672323
245403505
53754696
33145824
21378882
31767673
110264516
17292364
26753420
15357824
27586352
120532028
203136606
466564316
492244855
33787174
278160047
22635169
491035811
112556117
28110160
14768661
457250215
23871662
255589829
48991279
14579415
126489385
397854583
276620975
111111055
106500757
361194466
74332792
36370898
487894839
20594622
25929743
110518989
17221885
7331792
25695048
27985984
223599686
9918992
131140758
66521136
314593185
14861432
756236
373567796
18886185
816196
380043696
15739702
470345203
238298153
16770905
104559576
14581185
31655722
5446992
47753163
222635196
184556062
297694728
38289647
485989671
131538033
250949784
31448270
46454226
7753922
61016697
434793199
243859071
19754393
65915455
123655810
175186173
24806731
49614656
449121003
269201301
78309167
211267810
281042703
302627905
368935383
170289722
383975515
1797291
196049106
216455249
18468730
26952443
475120040
150004655
21680792
407514569
154197346
22196273
29371667
266380051
18210859
59219486
33219027
55116303
79841943
263987925
22984215
484891038
15255759
73794820
146333709
135266000
404598702
36282787
17785792
60163779
23629255
127039898
63498170
32822274
95936892
649453
275230949
389482469
28544557
25957353
140717462
33969759
79243679
220907178
135721065
455078032
31034845
305893248
487777622
178203883
346808772
24594570
116225247
92190242
24220926
399096205
476945551
487180561
13391382
53935569
15455098
24821575
8391162
135769029
338814382
222685971
269133701
42886312
15109998
117467714
15351444
239910223
487103064
107956033
486982573
20631755
386702498
480089646
30234788
18321596
486699599
210682625
340286719
486544039
7348092
14990497
433903611
21431468
16047894
7231532
18468610
20812756
337882919
42634775
20697712
323358741
17558224
51220787
486054539
186144042
241986641
18009553
20482837
16517326
211217800
169774285
377284792
485612873
485535212
409008165
31058546
295391857
483243741
68958864
31202064
214072254
30458555
480843442
407418204
299164112
25257113
485078231
21028640
27392561
16666985
15722730
18782313
317294948
465679258
259127503
237360906
199796017
19154617
20098838
795560
113009064
20092700
17026566
23542028
32459135
31084045
484272471
83686268
14727879
42710195
357291581
374201128
5836662
17419183
26164483
33899101
224477936
32318257
403986297
79392956
5929152
43986388
21063433
268094901
176775207
15524131
50214907
15933363
4193021
33369682
18464631
199070914
41579474
432128563
31114058
21311788
216340019
101844850
482845399
480614428
482690206
98687312
204484980
324532950
21916971
290548436
21665681
329263924
24170326
221591838
99162687
375345257
27053748
183697115
482335400
347279897
213864018
97921693
9866582
361874901
13182242
30376496
28800199
87390636
325412942
477894252
26999434
344358252
44182987
18763578
34792314
12853642
340317111
316565442
35389151
19924289
17332620
440064373
380341602
287761566
253250577
15154389
2363721
69050716
22656662
38801830
302965043
480784418
141346645
77275897
229186315
480979127
479126367
10752772
378784978
26639899
28824632
73765408
22990352
14254739
16426099
479714426
220121493
17752981
87690682
97631722
37454949
424009383
21618273
1764931
480080284
62393899
16985390
7434072
465358096
469891426
344243137
474368672
262274814
15052743
7766562
26648158
15936314
359081199
312658159
90706574
412388420
17241581
21972076
199288865
135770563
444259473
88731754
418762140
256899338
432705856
144664007
252267985
25317788
74870758
68708732
29230676
366676463
66542361
10660172
245987858
29371385
280208099
13060482
459078486
88269699
335400087
365490637
479110199
95076739
130926439
417489712
72652087
9414992
249391845
255721697
17818219
22544441
19103296
50586113
22386904
230547817
478353252
71604255
33135576
465638556
44280373
89469622
473447949
477735191
478204953
16188849
62377147
478015671
15742288
392100173
410278011
15536931
477634212
293707890
1106801
280616325
337486630
22982068
382351769
439666606
399535147
83764011
25807942
34280045
126396818
16504415
116868213
12623572
90897333
24993
474513821
147448722
21900124
9362302
14061006
395321646
124983635
102814050
429461561
18532058
13332672
81014418
15546781
19426756
25035745
41839218
250301942
5779282
84921665
143942131
260408279
348056311
285163253
122641597
379775992
471796592
474543111
2657481
475570609
233450667
319475639
30882213
475542111
308724597
261783750
178367632
17004900
303394187
784040
348746698
163539644
17535631
184524050
237350914
289085031
306734448
168379883
474980931
195228708
465651222
250538258
28238954
293753528
24236830
19734728
16157855
15525914
341855880
188743629
137507104
301647109
20650147
16290891
40961853
407333745
474061815
20695739
474030029
36439470
472080364
473826450
473667989
167074027
677523
471816223
16532064
98020469
431164827
12332032
15924400
14366273
22624745
11991832
18078145
19215780
110604635
218590428
37819367
363536131
339940322
379612830
466283332
278788930
29897355
293565078
472637017
16119040
194409754
431841871
6170322
25089148
26786596
277724842
14473347
55316366
471660491
233003636
17340837
376393854
472430145
16317677
29101107
370291729
59878002
28349728
471945389
471937526
204360435
471692484
416788865
249713980
467232348
14090685
215049907
44458265
27428033
334551780
16470749
279604051
193097984
9265402
399786264
18900322
159485598
85713539
91352129
386239188
148927605
243748197
25778116
47147781
17953091
17900248
15265271
369776651
141015345
311823448
292134141
197866162
26270072
16476550
461900259
7921292
433471331
383676594
14882642
71413513
112496571
22705342
18698386
158585084
16200653
85380211
469751092
469690263
469656125
71592202
19097492
14842377
274259065
137407305
320247521
9816852
438435431
420823877
338659604
468947067
85629653
25095277
104618477
23235404
49066655
225047813
21893110
14139811
72451237
467380733
159581783
341727084
52793398
21608035
8660242
9415562
462714960
233059072
30034612
468173819
16595825
252204223
16490046
399002135
427030829
467934170
48701486
180092318
97976788
56505782
20454964
200576173
17718199
13699322
205741160
102023045
21365115
7802422
250551979
21131562
273985420
251161982
14915487
251481021
311977625
279644344
282648239
14310756
467012166
415981838
139202285
22068736
466896016
432333449
337128545
243689011
76669312
114857288
78933377
387763353
31132505
21716596
15234846
35759764
49352538
18217850
466377856
456891754
217340483
410811743
49204359
17194684
241032889
466171282
465388796
116092768
308335381
64633221
21988109
25968296
25737038
1978091
5511492
395957131
19653587
109293705
290489772
173469847
18527512
14134944
22476041
12737342
257662110
50909709
44396243
28817803
21149251
50038918
352569394
45742970
294832553
36440573
23610657
14259629
65058892
39391540
89530132
188900341
19295681
253267397
29527756
140551398
209739840
128241033
80240077
70789186
90915819
277146306
168900989
98718552
424525753
138349419
384473917
436107270
33334732
47962447
92613805
18272752
71648798
260456975
2140451
23780615
100885258
54461544
244043445
18943479
27725988
105463286
89749930
28347691
47441066
223635184
12
465629700
49384881
465452533
465359958
283353609
15053046
465267844
19016024
280319318
345598885
20521465
429483782
465065726
57481692
22377674
148274843
27605303
26591956
24564912
175012569
15860549
240142172
438896443
153933339
155661700
464379785
87198911
217223859
328160742
192745243
103214138
99640043
16507693
260833947
7519542
241245814
16239185
25093533
133141410
15533337
46837589
94023158
9792332
146626510
54121686
44164716
22835187
18986244
18143827
204066776
268820285
18069668
98271137
14743835
15732514
6156572
14747183
15802862
463957577
117569385
33071240
130507969
76517506
9404392
20206940
232932566
15003029
23205147
15737961
87206166
179367783
16019087
22281808
26511015
61190840
463312469
13135132
14477775
456112343
404361680
381343876
78612817
56563768
48262474
14380643
199917418
31648475
47816134
270580724
56832293
463052904
21824079
42137371
380398686
347650156
189719855
19669970
33659615
449031634
425062450
72742315
32546668
180898522
462682276
41980825
82454857
19217211
462559328
105600695
462548454
462520975
19153120
147684443
462407182
462393457
43624056
19892219
191228544
34292296
17023865
28424603
454679186
170683507
267361388
462249474
166227329
116007864
30934760
462118730
462116555
462094893
460689551
60296647
38222051
406905743
69662909
14676347
232193084
39833557
90961424
461748950
438263320
226990933
17649219
18102612
28514542
461574696
237143982
3462061
19932005
16247246
30984141
76732834
14110150
87262678
339512533
21789052
19738363
358924290
1167021
234476989
459553672
166424337
409251550
243420695
460804193
77187185
22167095
456102070
460611423
45667986
254092548
12086672
23018185
66799471
14483189
14628477
21584588
16811355
460323482
18505286
58286333
169132606
460198326
37537508
72275107
17504858
19192032
68751894
383327966
32283629
297239016
54802518
457914086
21093339
19093505
7856842
6660002
10697982
322207364
457118684
361137559
232212441
16643805
55579493
309634807
459054711
30313654
57687353
14217224
450901280
385016799
30959290
115410253
25915690
33530004
19259311
62480964
23454940
18587752
456040145
19726142
14255721
15423570
7669592
455510696
15365762
127858224
457138562
18995585
28852154
216761412
21930113
210998345
25273770
406456089
228857300
77955542
15322431
456846772
326808581
38926192
371157886
12372132
47992731
75334187
25029945
383319761
42372571
2744
14110504
450922439
451761011
27215933
309221156
18125053
16887357
57862936
15521523
51581007
415022009
167658202
20687729
13982502
15490803
12931022
20029052
137572184
217930287
319230555
64014766
16132971
20475196
43156939
445465904
174659277
49592289
376585538
414452666
42335431
455476556
455440986
45849351
18836209
38919791
409881880
228088111
221483724
16391315
233154511
15199363
85117440
16085630
21642854
111394466
9659302
14596856
16505498
19687908
175118262
350511379
13113952
248738153
14088828
228925627
158074048
13523722
192334819
11688
14870990
344325057
13220302
17769015
283746788
15742225
99587433
770550
14951647
16814679
23422045
14381304
314820244
117406529
452849517
452667389
342943630
16370864
403164133
14678229
30628865
375211716
176013379
21078039
108335331
141683419
54018701
13433832
65106660
11392102
63840089
156853939
47641388
30717203
16541977
19507312
382924425
54931060
158483021
383635382
6199412
81756316
98489703
153082712
19255118
24854493
397144691
16698073
14378205
6268042
19111200
202834972
15933551
67172981
55381270
14464640
14380456
223283803
260050510
74529620
424546619
14103537
261963740
448578326
15552916
41474616
10502762
19190370
22051186
21469721
904411
15820414
16487556
14665249
233389171
440138091
1714721
26276766
17356992
23524337
121206144
14290741
23358030
815566
17410819
17008575
1234941
43347990
14747579
17798098
112795759
19618782
22079458
15691848
35581005
28868352
757903
5117331
20849847
87726472
279626203
145496161
1759181
419291434
17028262
256595525
15746818
362913042
122412651
25390982
26852498
15038512
19382469
17918272
57508179
17953867
619843
14709786
277695875
281627778
21793167
41841116
19738400
20990767
28190525
11206762
90552036
211935393
420711215
17534512
66883945
298900135
1475531
441080934
95974095
235263328
267604418
28830084
14325655
30416400
448482243
47261864
449915817
28608577
161155855
202120782
164919055
29463041
8549462
436375182
297798136
173690671
52018768
14357964
153566755
32240125
19176845
18540585
262180362
78967340
43765341
201874190
17323883
158665820
14827918
398667024
40005073
24746377
26470645
285225783
17085125
375247861
53692996
22387220
343600701
314350064
26893134
33605780
64054870
17764773
388838645
310438909
55946917
19093435
420072817
56990395
24969894
23211578
17490107
367589785
163459546
35292444
178080437
844821
198394622
368977387
16360667
2298131
14902320
17797678
147017726
27504567
355903600
16698328
17931851
138385289
102329899
54441426
130044312
54945666
296289180
431562527
345522323
339335955
9559552
57180054
48470246
421035166
37024476
25099793
68080553
16031604
21052530
2021281
29303353
36551310
269010615
15297156
15235117
395287499
164003532
378709115
168679728
77849414
443278141
444361625
207533305
213918875
375446440
14614892
61068717
401751983
15785603
113158875
5940142
174059996
42146053
199582270
35854301
245020852
24605195
76482314
40752252
7828572
46280958
24350993
226741424
224686393
29559189
163981603
133880135
111994585
22169138
54326474
44204229
20530716
399659234
227042911
32727039
101346444
15276228
88130921
14987054
319498583
141252643
15522183
256659772
1735941
382531383
74825062
357359676
78140461
254183529
81007845
25347732
180194626
97253704
381684726
78534643
77698991
83896556
442347796
26642568
34689856
252001182
5239271
6331462
122179228
17656600
100435018
21419423
14156143
236106980
285130421
22076359
9105992
369467195
43734446
45570587
181879404
23725720
123368631
16898029
409414673
441398347
41184945
8902952
31312945
135343808
253194686
31108065
40848226
74329483
8229182
19242450
376318669
86670246
38564773
20900882
277531163
205978969
120934786
48495491
30325823
440392140
182067835
381552964
38731659
36170225
143381583
16721886
15814841
19073268
356325437
119049594
193533525
18302186
66372556
410565519
18739457
62673144
95831714
236224053
140661579
21765882
41912400
275551048
120376892
15553912
26066857
20707183
156693001
430116030
16087153
339370164
276419955
357513867
23996323
194992847
7647422
14383750
217196593
177742623
336610574
437020084
35781478
16140593
438493591
31754288
14946379
54793896
61343514
88775553
20992492
7998042
38050729
278560321
340823302
22474687
49662806
17350162
85340341
19314072
38709654
10489722
72239728
419758544
18485118
17135289
17052987
14756184
20494558
15266051
17238544
242771355
398174485
125233041
38487403
205086968
22579249
19934364
16103018
247509503
14527198
275815318
19724395
11422
197139375
33945804
23546696
437124800
66814802
86440229
437776822
14409702
156741074
6984412
21118059
15477924
173174065
29349698
426824026
210979633
19699576
245376829
311270384
25384587
14467773
269791915
89167109
18231176
80591515
172958496
15856149
265743895
190737922
310910822
427036400
38304022
41273715
431167951
146087575
15511919
17316612
68917414
241728738
29626988
216262987
125404885
80453953
349145183
318705406
179373270
40068583
436576404
407655038
124231374
53136775
262783456
28049266
107727629
13575602
16257080
378659910
36089146
275769482
39601325
44146684
81009770
117476073
16582309
24222369
40545523
384126399
30808329
106471467
21093964
14322017
14707267
339593635
280734659
819797
15433978
49601280
340470643
20532389
9511412
16495103
134474711
5251831
141720655
17857990
17326469
14769820
60735341
124963260
21169365
229078049
344515703
54143609
116440735
37306371
108168192
23630261
262180060
22798824
22288222
16325918
21542518
72476312
802833
137823102
190103616
39914871
14412888
12087792
186567090
65460238
199971804
5161921
325881418
10859
2062811
27380095
25233662
42712515
243911213
285367865
185428376
27480603
216300425
24253237
31503363
391289826
48592658
239534518
15411741
19862972
435304973
17599890
6131012
26292192
288439413
14516013
12476932
30081846
14503316
77523196
17391782
370832586
101427084
403675065
427336029
15726482
2142991
434997290
376107610
328021986
22332342
206158223
434802461
6697042
19842170
15901361
40533008
291925969
56359531
12413952
17709849
14149786
219759333
19112667
158862922
16081438
434465462
410062309
20959057
345637698
21852602
14579911
289466532
336133822
429018173
39536292
3487701
2047581
259756096
14594619
433892964
16979057
255441206
17168586
12439232
364339105
430605717
113102672
25134580
111084620
131844711
14447723
421790567
16807976
171487367
6814652
14858974
6636142
20615536
77486908
378160392
2438161
98537778
148846120
1604391
66950625
11397132
116181216
21693579
73857293
259860253
140379949
84107004
144714008
83698445
7161172
9800622
9393252
51047880
21734894
139803429
165007196
229115890
17859680
27802100
378848483
10975962
16110512
297021606
18129113
432762954
17350497
137874686
18820727
194268938
18752379
153416956
74537261
374278317
14175350
173199692
16712473
2848111
28118348
312040911
12408202
21694917
102235305
5484952
289302142
5574472
17570723
114953820
18859429
18033619
292693737
19354577
353271007
13438112
239469977
18119084
50471950
45581475
13083522
172033485
341256115
82480167
48118779
274845335
118181184
14596711
36905606
44341367
8671312
19684975
20346067
356268776
16397557
100268188
113988139
78208252
16633306
5445232
41996714
36820680
417970049
404196923
19272550
94287646
231633253
140929418
21688930
195495310
15085995
215869183
431638569
291999805
16721401
410857854
16846194
221765157
219932894
431583784
319023115
15237868
420462404
295125637
7181192
271272431
16258202
35417717
25355505
211653710
22775120
50218742
88881935
76433444
19881056
20556186
19549139
183461490
151053206
20041137
160541457
23063011
21198737
62841834
17241942
24918780
12193
14110885
20116092
16710628
1374361
14751359
12609492
21565631
207482690
113073137
5508012
28652943
14107078
41203669
359809031
14148926
27221261
429264285
15741585
365627407
273383
20852191
50052803
14575518
79417246
260811550
174140645
6999982
18977489
344595245
17950262
176459498
71316677
19057771
14544331
45215359
5815352
33493226
14294365
407608052
73578319
37836732
18978007
39845927
17863681
8277132
106055208
32339604
12734832
15392613
317222425
46240925
19751635
30976925
9872292
206787987
14339924
125812707
14691353
138343693
11844262
18332276
57585780
14137027
361077775
15204691
285522154
87421105
30838103
14819854
41905309
2142541
216644363
1944301
202191611
317751136
12329592
15377053
46196690
15510786
275132781
15458357
44834641
39137106
28779332
89345871
332893070
64003570
105015362
17861346
314022498
271054542
23488340
7174792
89223308
10449052
288046909
278225896
18206782
40826526
430078030
26589952
374123129
317543882
19200236
15307727
21267632
372038790
403658669
351990758
15895828
24556216
346843160
41388824
15412641
17060902
32350230
15498130
352112919
17645718
116839081
85375654
80926444
14318277
61020837
14435733
25866943
24795813
34380277
26656016
31662371
20544249
199524719
32169555
34570263
148301286
16486110
125135097
26996860
21151823
30819117
395670643
9022272
113179972
27527103
161712667
21178986
15248647
100408795
14195510
46302786
6095
5603482
246948099
415193033
14144739
75420189
776277
147647514
70009885
24648472
409056455
3115741
231588403
21519278
23522803
428728988
240793088
20823429
26376025
211862253
765810
10687012
16893742
44156753
14257642
272631993
14795332
60392253
115575759
28574263
22079736
17343008
428346499
14604255
427218007
64503
201154194
21684207
364015079
40937902
7231342
62514553
417568900
24219593
24997329
109355585
42031743
291498527
313767271
427079291
18814604
101059288
44494388
45862743
17518814
41888552
426653402
393900848
19200877
197219541
15008476
420844445
404893080
14541033
21688822
24801589
329384965
16797240
312044768
40960219
83514192
422431046
423915325
14318411
18260401
425223821
139765145
16220038
278826135
333362671
79602286
94519349
32696340
21245588
425540052
14640445
51848781
384130496
29081645
26437536
15414584
19621410
402427327
22543898
425152866
62579607
423516111
104541875
16015941
424042404
14110293
424768553
395481203
15705459
18748071
376586968
20752754
408936913
35228085
48192209
22810914
42815933
25676931
116350482
18498833
282594988
31590281
423876200
423404728
300784776
402139909
423264742
423191959
184693195
400507478
9530332
171985647
421289500
47006854
14845552
279937733
161363049
16329856
25140417
421619473
18744861
38009033
353245455
421389610
243260922
232277873
14195394
24747575
420794201
816234
386176317
29783148
420613752
39894617
16916799
417052658
211999473
20699661
25111105
109014831
419678932
169519722
419651180
27728211
19248829
419490150
160687861
14903400
14308966
385112113
106222043
121508653
415418886
40952178
15462053
15113571
20407794
18260992
271826089
228393197
19416291
19338927
199097645
26393713
339780861
273631246
349050828
287914172
351735202
371803183
18055238
2039
14710712
23974589
19136564
209151054
129850726
129281210
19471882
17772515
416826413
416770942
26066384
408676822
21808332
56278767
406382967
23440889
377005052
407758410
368657619
371789787
128304569
191286227
102729912
13367792
284879531
17654208
172547271
31018774
15127744
165869174
300340052
17214701
18939101
52799865
14779327
2241411
13126382
12937732
214603294
6515802
415693429
26784273
226248629
81280502
14238995
99921377
304214169
189681171
281076028
289346437
14496948
15762947
194947212
20411251
305167480
21770568
15905551
1933161
324300543
325720107
25778041
6696632
15360161
401932225
73360530
413956913
371483744
185358059
38306196
17715245
23637601
291689945
14797707
1110381
277001265
414019862
77973985
25869241
12683532
180434455
388410859
29236346
34056681
375137159
34324315
408604147
205590529
412568444
166530974
14373270
412243931
259460905
18416451
74456199
262034893
14272500
237568617
108448731
368671585
385827761
54921544
67898521
411449241
6995322
254418480
14668282
44913471
239095557
411042193
383378479
410273678
107617334
402057793
309536662
408617351
410695134
409282009
329003644
133666383
46589514
348301782
194582602
370161679
388689841
46836509
26533742
316959038
57565237
297858370
409580746
1014651
384786370
292697448
326097837
217803658
409482035
242968952
103057770
368416976
384466149
144177334
650013
182764299
157152713
340425731
103334148
164199284
14667967
373513798
14600116
66081457
29135440
365723448
27092250
20623892
330368677
409922465
283122274
302583419
98817974
380752273
406172058
113590301
85375876
409806432
23333065
351317753
281037233
743913
58382241
264755813
408289731
395968279
72759882
363548563
5763262
41816154
14145050
29296087
311828453
9094762
44831000
16901665
15281305
52987890
408828717
7613522
100005127
36296631
14262217
77504012
17860669
40137446
408016161
132581614
19424182
408039109
285928509
119089326
73375192
8340822
178392592
245522232
1159251
16740424
321563887
407410489
389012580
121343093
45635646
360320159
14400609
407011639
219147130
383692042
18017380
277166810
54661546
276771740
16605762
17108137
128113105
24274854
1483791
15677147
12647802
26078532
100821008
402675769
10823342
320521235
348620355
405509081
220462606
16369797
6392952
19597381
7604502
14220755
16741667
6607212
27779106
27873033
403729335
42996484
86579074
140927240
349134354
22027111
20607146
11023952
130086728
20971817
39340615
148059358
19826871
205450812
29928176
156064710
266206840
7628892
20793727
106677680
101226215
402520489
393672629
13406172
381800043
23552312
397795595
293105968
260982079
23232971
27938955
402584966
11802552
206922490
77346139
14858754
249658365
402313505
70213243
17849186
14279370
14427026
14514848
164287763
246471881
198368296
401521999
401729236
27488149
76690446
375142156
28880529
24655161
260864394
208377764
14111644
399764925
23354435
347532401
22730246
35170299
218022675
8320792
18205570
19076464
14941037
57872544
21816556
14363427
14865654
20420290
329289707
15963250
43908682
65571886
219341547
21418163
16555515
164543732
15381179
4575
179549579
9204992
185002853
142499791
325537690
17325238
308542910
133018214
86564273
398505081
60978763
14212248
272164322
21235671
248491124
14391599
145977947
15973913
28692640
21115638
45582616
318019688
48234969
17827121
398534584
20275487
15842179
387929402
15349546
28712937
15892067
397933549
293610138
14510710
24373355
345766055
17181160
14468394
237433796
120173032
6564262
19455302
9915092
29819298
44539471
387459043
56026699
14651755
23033856
336184275
18552729
385767994
14476797
23843381
14667669
15295664
104263660
18999752
227475788
395800286
129075117
116079881
19637331
93739126
124504784
10692832
16441114
71682074
17655600
10312342
14088504
14148833
4614511
34340409
24789450
20561920
5401842
39563803
6997252
33511418
29518726
28601927
231414973
15211699
5690692
1347391
18181755
18242892
6204
21434769
21694338
17460181
26249909
19656679
313496566
19695732
22655290
30585373
366749631
355903581
78343363
43596829
14290862
233632336
25333216
18220209
22952648
15173752
258342781
297819288
47343650
23378961
394074429
18278595
19569561
358218138
20697213
389268501
393927057
393915757
15047185
170291605
22952245
304596386
106829609
16649391
332590030
132298543
17797704
130913964
382520002
22952900
385541266
312269338
36048580
263704705
363790765
393127418
134156687
586943
15228508
200092587
222240742
392857097
20476477
366477155
16992028
14380239
392426052
24720534
16143288
24641018
19048549
130683169
392214881
391973569
102238620
26911148
5970372
17306162
15408807
23709517
353451558
391495462
297759159
7183282
18728007
91688798
19357247
15659554
75327268
18645333
49730207
128995957
119773572
20957276
75778895
33523557
59578500
199385023
2884351
14398033
80478821
248872563
137255765
260154244
373012512
261528545
57356860
295468316
45765141
19359743
18190256
87931189
316274380
376082877
388056155
140231841
386862009
20695728
6126252
76238636
73485035
276771899
116792170
264228985
110580760
5654522
281643337
19099824
374285769
15650924
18560680
20171573
20631141
97327863
388360079
28411005
253608676
14110579
20916447
23341984
14329611
361592508
15053508
689293
14734043
387658681
21788176
380238656
20399752
7273192
387278920
262621233
382888372
356771183
18021714
8594762
15305890
135520959
17970884
216865894
165182238
20956920
270570122
375063931
137744244
21440803
34212904
2795171
16471134
180799436
117439794
46999923
386006492
141666864
385910493
240787446
5962152
31023335
235088034
44247829
23498415
241272242
223225603
344466046
57700233
14974994
201524602
15754309
11162
26821215
153599115
384777093
126694211
384684299
14518966
16912794
71677117
157434563
266758663
184885827
232345319
384281401
15155088
384187629
32610407
18787067
379419470
12146332
89482533
21963088
22888338
16754352
19515604
68701170
21707572
170318073
5712702
40622438
15455870
202506996
293412082
153526060
373987560
372135253
13900542
7008192
41120961
37975832
8801422
23149879
262363718
382832677
25316193
14311927
6500162
244387200
14216169
15553569
382035267
382072181
14289553
49149135
19834274
381870415
283124807
105037382
14315719
15235274
811261
14237494
28269263
74955793
343773822
323969847
39668133
51226673
14302862
132558195
194326284
240843131
28353808
255921405
21917939
34325345
270060124
340913223
45823847
17275108
254832075
39671301
21968048
332062611
27459245
13610992
379541417
29353869
156386162
376115567
87754354
379507844
341675150
63102156
18939719
9748292
179682080
379025427
7407242
94486927
24757326
5221051
24877183
257572696
153571822
24115726
80275035
3108601
26034447
370810186
113400818
16441452
46442757
18372260
340279837
15554904
357079247
29657843
129962173
94235227
15191158
145743713
292745652
25512175
14239861
57149663
100439014
15574391
14294948
16693169
11328692
14306307
17044616
30017117
14090725
375906684
15285421
8501792
53045936
377790820
99222793
16791322
80132231
12505022
298587044
2978921
277089634
375503887
95425503
19010055
17515734
24750384
9498382
182290457
80244821
113546232
33904901
20259273
18407298
8102022
14572012
240935844
8371492
34793254
615243
333817958
15938081
330395569
71597964
34585368
68772958
371289677
18792116
15519699
19096333
362935329
204165529
364471217
95292805
69412600
17495194
28424558
278604320
77122450
125973160
376235560
339867370
238829245
26213522
363223765
372100412
42126617
5502502
261226373
10289352
225592963
371688555
375386836
38998635
22535726
14373489
15139467
9728112
274098910
40193322
34532302
56616595
40796210
17960208
346372421
263901168
19460711
374633508
104301286
19947995
349762842
194775744
349196979
339772465
14130422
18046299
35871243
9352162
288938458
21581498
284598102
42309806
288981847
75429895
15934926
16589879
45722698
14796100
8862132
295985682
18001659
112935597
21365731
285700258
32478315
21884364
373527585
5002
373188587
72782001
6682202
19118532
19663629
19026011
5643472
14859356
370015660
19326221
14998675
24907812
14530432
146877980
15904189
329399089
24756948
59875617
14174875
338182395
326600090
14417626
267920835
18271367
2379441
6628822
45155052
15917589
171396398
26402409
34967682
52054399
8892872
23180897
305627588
371336549
77111965
363352414
255177088
15292272
15530309
23890475
24107428
797317
851601
297984545
44106694
10091542
45491479
9251682
356613787
305043334
19411901
14189241
366996360
363324218
26130353
9469982
7454272
313353065
14391959
272097044
356686801
23519100
283765505
318122667
20569708
17197399
26170805
25602769
47015258
370630321
353289608
153370070
52429512
355647318
335567263
370059744
19301988
39553362
12794662
151555021
20594271
370145160
344201091
26382765
9019482
10169342
44886859
19786350
68809328
334720236
348038167
168890223
242536281
15416555
21711373
173522106
11096662
15931804
225978712
48574708
34792838
37026635
14205289
274309731
338739811
7722282
359204574
59667930
110490178
205938756
346354025
359389461
275372528
16569133
335683214
173997114
230072701
266029340
353562322
218445844
250236063
7805912
14587595
301841379
6715422
317810464
6039082
24921284
15406610
15346597
16209777
242775690
222282847
39372979
14187428
364999335
22663280
366351820
15338323
16747783
360926542
17513729
21711498
16871696
277281466
228865113
61185635
353730780
10444352
80826395
9851872
263531998
106938615
1443131
108461194
14127332
19264652
263254528
22838612
35246407
24418189
365286449
365261933
172829577
2045611
19682465
27817688
126220298
364959428
841791
17852883
6164782
132907097
35099290
8557332
360542964
363729506
125852265
15020231
115814911
112106279
24327610
139622653
363407382
1059951
22403
236523665
21817159
316817721
9521062
2544901
1228181
358554990
8559822
30563756
185521124
19378250
21794197
19313091
58596226
22265385
260894546
157154867
357659574
81771001
38788681
93802263
168738920
361723610
125789927
143244695
47322084
14202916
142401146
338584047
168776929
10856
101314695
22733324
360977999
252235391
15496033
186042827
200113401
32572089
16618503
18565087
360438571
214067697
41903989
14949671
100360117
55617840
28226308
19537873
16213137
14149168
334827974
33095315
359348729
187020641
242639948
280899693
18035304
21694368
18509855
223855897
14521746
47570023
355533312
56676498
14602130
255785197
358392673
12220362
46130766
17946134
319299335
52851506
20597989
42045549
42935312
14432546
111517588
50723957
14935090
18460854
12303422
10324882
19342231
357070240
20566945
346856563
69649693
357268694
57391528
4782771
662683
43301263
284019926
356902874
16554669
138112083
188624459
327799192
63306680
316410152
16840777
316723720
19925625
241643624
240605390
30252467
6110582
14276835
315062224
48511344
150312882
353554197
148013533
43410621
351638350
256181912
102580733
14860509
7578
26449443
8557452
93811439
38986981
23331262
330435497
154520062
21330567
88814912
123731527
140074181
15130834
15490621
19798107
24402118
10046112
31163174
24663848
45616977
15963165
17588457
14468319
20696581
80212168
21595493
14587539
19821622
17580539
6163462
23983285
189208966
10657
55683439
330061216
89128233
267227403
21581545
15478091
34332641
16476401
17825123
18366422
66184864
44187272
15564844
17781189
22743274
258012402
49887122
169295562
7098222
794658
16686124
23720707
18562101
217690285
14563437
19253556
23676553
289472147
319833521
21120951
48879399
14090731
142916893
210943343
11152622
22895532
216054943
19198960
6116122
14205985
90472483
146174335
80120380
60771436
61018470
69356392
64629080
22857258
5737632
14811629
14710266
8234302
5730902
19883450
17655771
280538887
64294643
21442982
311248395
20030943
19893558
1260091
304137379
254894009
52348962
216919390
11700492
15977312
17673492
7407152
323296582
15420857
231056948
19425651
349458109
190715511
56222396
108715632
19085562
14187685
12140392
331203367
16741170
91456224
52161849
223671249
213025167
46483891
337484011
19330540
21803058
45112397
173116087
43716354
116464534
248990893
156766682
281739560
117545460
335421654
16089052
274826081
184047049
85535944
102222138
347497610
270774623
29737337
59226107
92009321
145662065
14210746
156830317
16486026
23934239
50372694
25950079
194353045
89271740
23121821
317203227
296007426
8538892
69105288
24410989
18405998
5539882
2495
152530023
22340009
345809131
23565025
15745394
20645889
341229846
68299529
114079144
7117302
20257752
126724233
15012320
17955880
15321523
330684918
213196897
208691036
328830752
21801416
34113690
22146200
344022577
10433822
337255979
91969761
15352962
19353331
17524032
343296957
14969810
18464735
26397884
45653612
656253
16837839
15450429
62188855
17548554
69334055
241246162
292555595
339422552
331860052
18929253
63469241
22793727
9075622
137992452
54564207
296371311
23037736
20180778
14984659
75143361
340511508
1916151
77740347
28222087
14426272
133005951
16784086
65114379
14055824
42366225
328901155
115218680
303573602
40831963
89273817
804887
339407793
139968993
316533473
1448441
153224881
45067533
94645767
12806362
15119211
17974261
17539191
106836633
100068092
255271835
281675823
15213497
9491142
788994
15937188
88146529
338343199
25708501
89551718
270298380
21590255
116987832
26830502
14278555
292552833
243089511
23724910
325003314
298407034
12861362
336748196
329576860
35704710
22153842
37740255
21169182
14610981
20551068
22449855
15682720
64110580
314740446
22486040
65733963
34732474
29023071
315685560
12792872
270255678
14355223
325561845
16049299
227606191
56465365
35785830
22824309
25091158
15526918
38744377
14126874
23289681
37107293
317267871
4068021
333791904
97078827
333447497
87575327
20749775
77796767
5434262
14306442
40007088
14275873
28217281
38228205
315951912
11177622
21468193
53203088
86754111
28119268
26427083
316899049
123774230
50466213
217523279
330391372
62135924
22532987
17314341
270151146
277841116
12063312
280552508
69192166
330632105
234959947
15023803
330538513
19159748
179174136
7946732
330081746
106692741
131710291
79141670
18455643
316723645
10738312
14498112
48804486
264345806
125092834
23668131
14494003
180305436
14368886
81777485
15412321
785027
316374359
14348610
33910179
891011
11590172
54796246
291545734
327945900
251458992
24791391
196212904
20957374
778288
19768756
772763
18337283
225516936
104027966
14291015
28925871
15593811
14457515
276899565
324862633
17909531
284700472
153711615
309931356
88078097
16091361
81161062
104292736
226049976
156421808
39814976
60316831
45892138
326003211
41695024
15435637
301901687
36123
40737209
122787228
42734279
2103081
56696748
138128358
320956073
292743081
15087140
18017037
83911458
23656736
14701206
49413939
82241747
27532742
16095157
268308361
201223644
324106796
286025919
31339317
11076312
17510378
29047544
241613344
23036110
310276370
21717344
17452202
20822242
33284774
45210786
820942
33799232
12555682
14379407
236509213
26777828
8658242
53878907
35640882
19454272
20256785
22983232
282226525
198597906
56785926
124044500
54817299
15285315
11419012
14116750
183142743
15937921
20326541
18525920
68344278
297747135
318180615
15392545
193641400
19448539
174650498
684893
14860938
249718160
307286208
289218276
18233670
15155181
54699335
19686082
8533632
14849957
258518986
115460798
208360598
305989571
890631
95123094
300086170
544
37001646
14984485
292748052
33115567
125379617
18021433
233661107
236577886
167082735
265776691
245058159
42738504
8868832
11395002
135031067
14174116
28310550
1186
238627761
14948258
320958207
261046749
108679694
285686968
285986420
61586406
16663019
307124116
309867723
276739051
226296214
61770040
315467737
7824962
16000805
20480710
319288277
76703288
21946625
263874106
18642961
9656322
293674990
308968158
20522138
188853713
306581007
31152097
294797236
7945112
30468567
68848910
308059134
153418561
37925729
46296250
18039123
318329426
14218993
300895363
11248192
100500394
21439056
82283305
97261776
22117199
690953
76091835
63812552
101125121
175160447
131108663
190204815
24082290
20971136
267957392
14863326
317353606
123329223
26305259
308352079
14457151
316907582
256582581
23826668
306847454
217307753
260929996
315393486
312356140
15871464
299274473
98111590
14894908
236304345
14693051
803843
315258225
314539115
27337252
1854401
283878925
134490157
15009180
14629007
39688331
29823555
187436840
7276192
23217514
309234267
58817863
32127682
14114662
17840153
285113864
198649522
16727547
15728712
14296102
227940469
241208678
313398959
24321460
20868169
16802918
313762797
148697686
20274736
29293876
14314245
19014516
293171007
44871622
205403993
307619159
250411663
287948967
3476
23119906
25040189
312861747
252179747
305203456
169072297
21128219
312206667
312541993
3382981
247871847
40496618
18619283
22430324
25488144
28167681
19772098
238549544
262028438
25610743
37953290
1469
243527068
310827170
15173390
39620927
194958277
18587511
6459642
25954766
945891
19286221
13658162
18238131
774675
66809076
73035751
11712
98955480
206899849
43976252
99146647
57147348
216340721
75828701
301054586
136079626
63599739
16874074
307855248
26501906
15418883
179203758
15419414
22592766
16861825
307949422
277545502
874
14484848
75351013
186791773
236048434
73984627
3481431
308165326
304699305
146247936
275653645
25985912
18651556
20818901
121622984
32967334
808960
164943724
896991
18828818
15666080
5408192
57719833
23917877
178146444
299168023
54447696
289408282
154051380
238413388
120238190
16229402
15446436
18015731
28213653
256157629
115589454
16838551
96149134
6165802
251490076
21785251
38330972
17133643
70190484
177261821
19620402
305408554
126799330
16668653
66709956
13368022
450943
305185609
113585977
66594733
14296543
258090181
13575452
305041145
7541072
21518020
24692084
12716
15717372
18717577
14591897
33385271
164709308
286280317
15376257
32655760
21966890
8619602
20462822
304201985
95939368
254385591
23810960
34841558
162535413
303918238
282243131
7171192
169059982
157918350
84401775
303573248
16412799
98480807
275334453
121318872
283535700
14213260
26053067
145597568
117193808
10298902
279006309
183710098
145958357
227028374
302510662
15359507
158564595
69739320
272162235
15222538
27554081
134538081
42683772
278483947
189996018
20588071
29829137
14640788
31052800
25466030
811350
14478136
14445645
21142350
166303174
119493459
49541027
55449357
7908752
198584926
127145916
17066678
23017917
74738430
151301883
252104649
16208935
14863971
77022041
51016053
37832987
208614912
142368107
224125758
88680895
129847119
46593499
15527007
814455
3171031
33786369
14576632
32241700
12188
280570483
240729000
220004095
6344032
17452042
86979011
978
14457619
8060722
176470331
46206940
8650912
257260255
299421147
296294157
63510704
299293317
15586643
283812780
71654283
271579606
26439296
13597162
80249001
175275507
15224775
21721906
816321
23337573
266790816
32508140
6626162
274143251
223652717
15117313
195460088
27148852
21069651
160707729
28714205
27368568
141358242
5118981
9400782
200124301
16592401
22586821
157917275
22487841
145791092
298150130
22098170
17872085
293241918
56439006
297723635
75011822
35816819
253027019
32836942
181789811
5444022
14985250
14177590
2864111
17273046
19825370
2718091
228368222
17592909
110846939
9671032
38157167
219345279
15309740
54590578
296462198
15023044
39546601
20294958
26081881
125732638
59036052
10389362
296288571
7157972
35696352
256038347
18376707
104338539
16607971
60910342
15075449
246038869
179581588
15433286
270786882
7776012
250931567
126114616
8152232
116974795
19830902
247105072
47026152
20096670
27087538
283401768
294309889
20790976
9094502
44489651
180479058
18162749
15992368
24835731
9614452
48801821
218693997
14594370
19632628
54565003
21160381
293557999
46863736
21421589
245531436
18200904
25350386
14325136
30522830
278461420
149173212
30539843
15090041
192775965
9971552
14626815
172462511
111413442
12594732
6089412
15319159
18691851
260464197
230639737
16912346
116484470
6334682
121903339
21563182
6021962
205296557
49753604
17140326
8539462
278606956
14220152
16190062
16533253
66781140
124120990
284144742
73325237
96660423
62098941
44862765
139138645
147700286
13009332
38541755
289150133
16527238
62878861
19261560
40778746
40663911
180444717
7970302
48268729
26107042
24279559
15413015
27424568
19549767
101330238
23377532
45058744
56944004
23999371
226624805
15715642
285670262
758844
123964560
179846955
118233703
15876087
28695117
14204918
75941724
172797681
97937154
7189872
30016882
15360233
153082204
12303282
18537454
21383585
18201762
126504698
36131619
61276770
242937045
27749514
257898196
156479385
19506839
44175789
251785318
14715681
15089832
16058044
674233
287458616
246536758
13185142
17638800
121509015
5378272
139948221
282731086
15060110
285597085
30327243
7283152
14439889
20713624
9066762
62462658
14362893
109364620
26252224
2767801
281153684
82267912
269812910
16343457
26969724
32841358
102539132
23245349
196852382
288176541
117033299
15017076
16803328
221867090
287901232
160689472
43170195
229267216
12327122
21053629
24083138
20211090
16559237
15665980
14176850
18139767
35366517
286252321
218820298
26909421
20513672
244242754
120216971
111526588
156549780
190686561
280346638
20881489
116661349
286078004
154045187
14636369
38780529
14112355
89510390
142952568
272161437
277333168
42828091
162379954
17518153
15669889
41307273
22553152
25428653
48405872
248982818
17021857
70241671
187067519
158882379
91544604
221628734
17676090
69962242
259752239
234376033
120926727
44466392
17203437
16565721
86488351
8909462
284172338
7144882
71370583
280454541
24811265
283780143
279488625
35730957
46598874
29569928
46653687
19752590
25902297
282622603
11965122
283464528
233488470
2936841
265415510
6797
282981256
13977712
275751593
6776962
80976516
175310391
34274925
30171266
7070932
30023294
17432169
15374088
9310052
23429147
22914510
160169695
4462831
281898459
164488078
110782593
15858578
241307467
93190709
18520882
202984866
1191881
25608143
16538023
9220862
145226883
20494196
16936282
24042079
16045921
167532503
16423188
120830829
26071027
17705675
179390945
42250412
17234553
19210066
245639169
309073
194763588
143887332
280661118
70055480
16003713
14176514
7137982
116851620
14396061
280363784
235830872
78626101
24233924
17792268
22277230
155856434
2774
6709
279613886
3176161
21949981
14158430
242789107
18710669
7610482
16728988
247069960
43819245
47393922
13789792
16741719
24664726
270282925
272161214
18975147
176715752
276246089
14556323
74452990
23790109
17648401
152726958
9051462
16857953
20421320
14672651
14974015
13651152
90652912
40303309
764185
14912382
15134002
271186393
16895135
9764802
43157994
35896157
2081111
86664490
27817411
782310
14125208
17076859
16509845
22034957
218959602
274301549
101285020
262028696
101073960
51578532
124512591
121272883
129584913
24985771
111416559
17206365
232354984
94700441
16124695
6980182
277115565
18125834
66918935
18087995
24944000
221854689
245152785
126709674
12227092
97243323
275326057
276425875
24311291
31548771
17359949
27808024
275704167
23222731
6419432
21051129
162665492
74071703
98702997
7581972
16975157
255712206
16611173
274721268
18183753
14690297
55710253
6768882
249652566
14231452
85014271
83692817
14128901
19161357
138215596
12252812
14623509
25350177
44471310
149410341
9908862
253245649
21405560
267266711
272547080
229784986
134945001
68085610
17456866
187946450
16818101
263718959
17306403
271052601
136033176
17407584
14229739
196523712
156862998
20925584
10639232
11462742
111310032
245417002
15680168
72312242
75236878
54653517
157043097
47917394
6708952
265718112
22302182
8953722
107126839
175405864
229368605
13362412
174375543
7493
21835465
152896705
245456193
9524902
71242654
18777234
244874008
95981639
14440832
262764833
14897303
186319729
14140936
24769430
18440310
74205416
267547427
19476883
163952176
16890289
266607448
100582704
22010836
225403626
245751299
246534256
256666845
81278776
143724722
99392818
230084893
8491
69692412
250609696
267138222
61094596
16427089
5844332
21552111
266796332
246889528
16293419
148835976
20869611
21233135
51265459
60967831
15052560
266275382
42917473
14322729
78527336
38013308
187776047
265868250
17026075
250346365
22592500
197687134
40897130
21540856
14219091
64333609
69765153
90717119
265620266
14782461
16221877
227319363
12772522
20103458
1785871
10261
24045647
34866011
18696400
24612405
249044821
66059866
18837168
257835483
19221968
17279541
18665894
46670048
18926844
47371372
13557352
177794578
135320806
175494200
26128759
222874113
79325724
36280513
233951473
3063031
263220095
9413702
1580631
260663703
252139452
4443501
791124
14152363
106725995
5554222
14178235
13127032
52111227
257069496
14096005
34865047
624363
144822037
1568781
34561019
12834972
69440087
14217862
56871833
14382388
107532977
15134782
14743399
43220600
29802476
7598542
172175655
256433598
14243932
22943666
11927122
23712478
244244103
129264409
68100368
127293727
12693242
3485971
14723693
14288250
192632589
46098376
14858263
216894816
262431125
14580333
177582147
262431671
253731274
15259557
104489321
74749669
169643348
15468727
31336759
15115797
14690813
16846221
47951693
31010983
82297629
63920751
18537147
17533464
230642220
242250275
6265582
2115761
16537281
37022005
216340934
260637114
5548202
14629756
40827684
239235194
19949684
18626076
803894
25151102
259335832
238879734
1596531
260519442
16325119
191122586
15868680
27021123
14832320
21702884
46973
131530954
259091462
236143980
259478852
7686392
4964531
21507734
203926177
182751944
23191386
18008745
18181705
41675415
22413862
2857021
24220015
15070254
256676129
14690344
115452351
15322216
224410759
23596400
7393392
25506150
202995426
33654037
14304302
20398687
20646553
259284286
7738
18742889
2504141
165814116
36575140
194316177
17451486
251496571
14679566
5729612
14229989
14135344
9343272
19941215
62855415
248562751
14052798
236201411
223748495
5832542
803715
19319268
27929350
19556919
15216175
249288892
251303997
136116192
240413253
94742371
257317201
1480571
15448483
22118479
3566511
168930910
16461070
15337977
14366976
222604810
183653104
41177535
23835817
17957719
247835656
237709046
113567438
45032983
55514916
222418949
14097091
16035494
119528386
254322120
72160892
240913447
99451582
251628884
20088155
16170521
244012613
172828971
191570464
16406566
19897721
52978251
711303
75287184
36789335
16246929
245288049
34583061
140067945
66890006
252380864
248273907
25103054
220679046
5100
98623034
109988030
221512033
178445241
251918024
255021125
20077216
255163056
142731210
16627428
17383566
10395332
9287132
11738012
58973739
128568480
243119770
251804983
251529678
117913772
163388096
238029602
248983859
62419216
92908060
26185655
173258177
226996146
36143173
254019747
9429332
250269783
12913902
12138162
242697423
224107255
6190562
252458487
17887752
150514166
252837743
213475516
25778810
113098017
65733105
73251583
5553832
161028500
31304523
8251752
739613
14212321
235034586
14562489
18169286
94414805
129751724
46686977
57844405
3001481
132068304
190867686
197266347
85035529
115874619
68481500
5212
85489463
17692307
251459559
151216697
14599982
91972218
64099075
232247519
19628813
14202711
220892847
215641581
38273698
54303286
132688265
50191674
15316207
16123519
18082215
80389740
24790679
12953852
19009306
41060477
167929393
61724022
213437659
223930139
148771605
188523716
232900132
249445593
19569951
43885704
147714073
73026538
14129901
117996048
14165119
247935193
16333843
165922856
60758847
33630026
121828440
15212349
19921645
12556352
14908402
12500342
100151298
727353
116415504
14827557
15293504
40615862
247248491
33591578
14124349
242805466
200786282
86721216
14239222
13980622
25666760
121838540
60357252
29466905
177223670
242360787
147553950
29272512
18991925
20094309
14519891
212454927
202592810
117743203
14205040
13304892
14908889
34141731
106815395
24922181
2278321
184119660
227325122
20542947
104477161
244306330
235859529
18254871
143292366
95800479
40000881
81735998
127878763
205630353
8862652
36219189
200171081
215251873
14499914
11153272
51641358
20089424
233226636
9858132
32506477
21468819
157763199
22256969
186632864
242254738
16942365
21662447
242148464
215282385
218769712
100629261
12127402
14159546
19637842
14568429
106838962
14765411
18165746
240711353
224442357
178422703
100116840
8756712
120888675
78247357
17888143
15866023
50624450
33667323
72021503
2803511
226445058
103918893
26758226
18406158
241219858
201944094
228286119
104134825
42698117
230320364
141379955
15976952
26886476
238874313
240896584
11132142
2499061
209568011
18999530
23696780
19641174
41407403
16878948
55181424
239824309
239954649
233190428
91800988
116909606
221104320
141685799
52579845
56705497
8920302
52128005
36447624
204660817
158920788
168484944
17060453
11889992
201802857
122665058
82182313
230634281
182987877
15180443
171188252
177578961
238126361
183616330
29003072
230180133
66321039
14586662
235687730
15472022
203041211
10804892
9409942
2599461
125868422
16874032
222730605
237207925
168715003
14471914
17541628
55371267
236948832
200245168
20964833
8707142
26315985
15340312
50683989
35872917
68783
26320701
1187621
90356271
19301710
218793673
7017692
189003034
168135832
1065661
218165563
235572758
226211153
144430523
78264618
99042600
183870879
111496071
14029712
51607295
234809511
37892369
234660195
815136
234632949
14615982
61894292
106590224
213785407
175315043
189867675
20156712
41615735
156525555
13638132
195018332
233047448
144761261
231001365
226118017
207393030
229365969
106210507
116847932
197076541
227525105
25755839
15165572
203516285
1968631
163776081
1408861
229075154
61786261
22354700
232029407
133818129
229793415
2318831
19022298
223628451
69603938
11472282
195427035
99636860
857141
15250839
52514307
16169151
217803475
162997852
32934133
15420083
18429355
15902801
62077173
14284929
817209
7835212
19359450
14402524
164994683
18394099
12996252
98421750
131572466
112614694
25476547
30851904
5729122
55872076
15929049
29681979
39782860
11205152
21840926
228441906
50740225
9950972
39549673
19959756
23344456
666663
27950785
44835066
197449233
45137643
102879850
18931050
86315276
192749227
211851196
135561111
228236875
1044941
18014345
15075035
15641827
14253109
21668776
181462035
14443856
11208382
227716890
224873610
227560419
103678831
730673
178813320
16486205
222069975
225852227
22506679
214614685
21817823
224984768
18020205
57234102
16653306
13367682
190292949
199563285
16029179
16145401
21083403
92123709
25890995
166818892
16473972
220909329
14649922
15855829
224265369
23960081
8760542
5773
125285855
19487774
15577444
184550392
71829398
87711239
16834756
190288454
16434587
14693101
14725464
107819255
11475352
16032839
84886323
68228970
20434928
123635625
2391
17881403
48553362
11101232
14502732
30884019
2897031
14111187
50063728
13658182
18317812
172753864
130187588
11073882
134476105
144241235
17275546
25117654
18073079
20193866
223277798
161557839
6541352
222706622
184119163
5604652
6431792
11923502
72986019
34634127
222670129
787988
17885058
222
84764325
12025682
222404126
51226999
141236693
218604919
18235388
220178159
32466686
18730875
19343353
169532656
207055068
219242360
123328482
151680497
7642452
209048643
37927532
202377130
56723742
25895849
198259734
91704065
158397682
17269847
19206087
28262446
85073204
90072395
14081763
28557188
207416939
16496249
117478889
216434235
206377394
16922792
12925652
12851192
15509489
24714219
137265010
135259297
46905733
9149832
17549298
22264384
164990581
15483629
16146941
15359135
208252789
76611461
7339062
16100743
18725222
18314107
136719629
9191042
216997830
201547438
14719228
38180188
32409579
193086246
37028140
216312858
1711571
1132291
190070636
122598116
34032790
7254792
197726414
16425288
154969531
18945195
13288902
214470842
166565177
61118465
3355001
196765649
202298480
19826881
14561675
30823254
161654426
26047468
34672653
59869521
18311832
40138015
131190672
211948550
12830322
12306172
42647256
213372892
190928969
191543037
123359306
12403082
848901
174218070
212359098
11136832
13003022
22192111
26017442
52197816
206669289
310123
195541978
205917462
19583155
90559681
211388612
21284956
97333075
96742881
724443
15699381
23145378
14819012
27795166
81669050
18851124
16180702
118425990
153130443
19083
19094625
31008606
18573604
194193348
3950621
17310197
33002127
14575000
14272094
137963836
15869972
15485527
7803672
200160381
208678179
1387081
16339067
22621627
823525
45296737
12118392
186016451
162070679
16811760
14337565
38951971
68853650
33583719
12418932
35341927
13191822
45809423
133086374
205840402
24655063
17302611
6011542
15654270
4428631
17291717
27268741
61583026
17817425
18148426
981101
103589054
19204012
14156624
93027327
14188782
21222769
15937428
21488804
28820131
18958575
19998343
14552892
2048741
14907669
46971593
192612599
57988436
2370441
20969082
903011
106322749
12041562
39507511
140201638
19133294
11675042
9949552
8901412
99659797
14958257
2494
8217252
17465182
651263
68672506
11867802
11820382
150362963
14161377
16255212
105407724
14319908
182567325
5568612
115734106
26082187
15644361
204555079
38695936
3271
161368948
22832236
29517109
6295912
637763
23415153
113467459
35073768
16697448
14425517
121671575
104314794
16440461
21923144
5238371
170408869
14106909
207396767
147907835
2820921
14923287
188932345
756646
6270192
16568759
56560833
30148360
19677411
14725797
10209742
15705425
14760617
14447846
195374313
158913581
15947342
1145991
2371631
205755102
8123792
16366134
14789172
4077361
17704817
2053
19523230
11024202
55267763
17580777
2787551
28719787
26827441
35437567
34579517
95239033
731253
23930372
15128471
9641202
152563808
97731253
84927816
16066983
124158333
3303571
7051532
10933982
14353618
55489979
143806669
16055778
23699893
19393242
720953
15028216
19239048
45802817
188611408
62645896
206976848
16204106
46240958
14947636
25409708
15135588
2874
26280079
15809334
12279882
101306505
19074531
172727521
5055861
183517827
21441974
19987273
17991222
77836887
143848691
3170301
9994202
4834
17721737
25156166
6149502
131793290
93626769
8115712
17977475
35872963
85125714
7854152
18300176
154789013
128931478
8235422
42026181
9857052
65796823
10178852
16483885
17261797
79584497
16957913
201250109
18715924
14568274
5205161
37570179
153818791
97966675
85235699
17109422
21510338
7088892
5796972
46009271
22832884
200094841
202046489
14915164
94807793
17758551
64249366
92794298
48260938
18754679
32667717
68577170
28611984
106267980
20289164
133771119
7095472
4713371
8822982
43008395
24811045
112080290
19578277
26878135
11426652
177454777
16977567
23447588
196480872
43044771
18218096
7101592
19090428
10777742
763564
15922433
9876312
39634559
812567
15396287
15857869
17844628
196370799
113527082
48696870
22517715
14689353
6702392
16704485
718
102888984
194211428
14189568
26863249
36807899
12923812
21339796
25444163
13666
17977144
17045826
15162304
78158586
78071831
106258990
4962361
30350595
16704120
21338421
10421832
17524875
15662382
14136622
147638008
44315630
18773107
14622359
192994465
116561823
95654108
176656672
19140065
6141992
44579983
1283601
14445315
121567329
70623351
15614821
18708003
61156926
13540352
30930849
130902468
25046393
6222372
18522303
14087103
820585
42684198
14935365
14573591
116439912
13270082
47832293
19836975
16418954
16985243
49971071
158460694
29531965
14385281
15926084
7535092
16860725
12733172
6334612
14875415
30198994
188031267
96096260
188782364
1327641
188605185
31342737
175781469
39348111
19845387
15395087
792537
23708602
97499035
14551761
5533742
12293262
151158502
1661651
70016776
13950172
185770425
7981392
133496268
15098535
115277643
12483772
15857062
20512929
712333
6144532
34050249
14194558
18493
25807408
39938600
14868786
14482965
1378
19014441
15225318
14619496
159765491
148481084
178846100
91354310
20574007
183111351
180792899
11827872
67436707
10741312
5237281
12384352
93505942
32939121
12130732
1648351
3060631
32264673
6431472
11105652
17740585
6630942
24996274
154417934
26105334
178108523
1431341
100422548
176202031
164418352
14603163
15474195
23275290
38142848
174153620
14243557
32420375
14175317
114627418
18745330
39879573
32168726
176589599
11894422
37108187
27046692
176002602
26828059
37124763
32401333
15040234
15936194
15668684
19519245
160313272
155329143
64133555
14326180
55310498
13264702
68223334
2148071
16696940
17987678
34357855
9486542
16297863
70736689
841
90987254
119988789
79985258
28377253
172157504
170640242
13348
157244382
74788983
51813430
13960222
10192922
15382193
792724
169757383
14106168
3592571
17516298
32535127
31193875
123888204
20753506
16503877
32719815
16140473
1616421
13075052
16870682
18010258
27956233
101043372
74372151
9110052
160788450
67691486
17373191
21224111
295
78566545
16716995
14857747
20821549
15192694
124006577
34094746
1836411
30982154
17735909
19818675
165723848
15264597
93738673
158722634
30348896
62936252
65830697
20062066
25785900
14994236
7184282
19694137
15636511
123239439
14176631
15434548
4909361
98725179
14388429
78262154
20353412
8031702
88158999
31458920
780912
13878902
17028382
17798674
33607097
5773142
17109695
6115602
14865791
19798525
14160436
38156254
16329466
155793675
5768872
2345021
28335392
12449402
163140168
11884342
19266529
23381812
21350592
30077709
58033422
14181633
81548028
820828
6645712
151530748
1081
37722324
15017668
14182149
22240838
90247428
17419677
30693
19080656
5278491
69485308
31660376
18464341
144724624
4265731
15464199
1487011
6400592
156225000
126348429
156351619
17584242
14850058
42793960
146881566
9729502
2948211
1303431
15080807
9287942
11693552
47516513
33789860
33987620
41214006
5507572
96714834
48473375
6296572
7776912
25309402
24651141
14882592
15168946
14496372
150144900
786535
83773409
12208152
14683764
140972505
148128491
25538289
977551
20964269
59346867
795649
104995340
20169719
811346
15947897
9166602
37534237
13911852
15928389
5483482
35020823
781314
12480032
5252591
140615593
28029060
13645092
147417662
17857799
14957302
16262203
28742129
14328339
52608240
20960306
22679592
37990785
17934912
23122647
66897890
16313992
21135445
20250295
139934802
108821314
63824245
13920962
135546942
40515290
133751827
30158471
13551592
127715092
133241316
28358582
59308923
18222683
120346679
114880555
24886033
19028070
11740902
14839109
128924405
6837002
16394601
287713
30084311
88852496
43106248
61690865
26372233
44254275
9006952
16440676
586
15783744
35956919
4454881
22332608
5854642
735983
16487157
19285084
12233072
20236477
35955745
21209149
69782877
18195419
666943
6314312
16546619
1731041
19028099
29880034
16423506
16737063
64387628
15759875
20251455
14303261
